20160101 1671
20160103 2645
20160104 1862
20160105 1701
20160106 1565
20160107 1415
20160108 1456
20160109 1350
20160110 1399
20160111 1332
20160112 1175
20160113 1362
20160114 1286
20160115 1179
20160116 1224
20160117 685
20160118 746
20160119 823
20160120 910
20160121 869
20160122 562
20160123 424
20160124 407
20160125 547
20160126 747
20160127 715
20160128 852
20160129 632
20160130 504
20160131 394
20160201 406
20160202 366
20160203 380
20160204 328
20160205 269
20160206 299
20160207 229
20160208 341
20160209 286
20160210 348
20160211 703
20160212 506
20160213 370
20160214 380
20160215 398
20160216 448
20160217 446
20160218 522
20160219 530
20160220 449
20160221 630
20160222 655
20160223 499
20160224 494
20160225 465
20160226 432
20160227 379
20160228 513
20160229 490
20160301 720
20160302 1393
20160303 1965
20160304 2659
20160305 1260
20160306 1238
20160307 673
20160308 526
20160309 444
20160310 551
20160311 513
20160312 733
20160313 596
20160314 766
20160315 1498
20160316 1860
20160317 2112
20160318 1890
20160319 1105
20160320 932
20160321 972
20160322 1311
20160323 763
20160324 607
20160325 498
20160326 412
20160327 491
20160328 891
20160329 483
20160330 473
20160331 1018
20160401 594
20160402 331
20160403 323
20160404 439
20160405 725
20160406 1120
20160407 855
20160408 406
20160409 538
20160410 497
20160411 544
20160412 457
20160413 850
20160414 447
20160415 487
20160416 340
20160417 332
20160418 352
20160419 499
20160420 397
20160421 536
20160422 382
20160423 309
20160424 368
20160425 488
20160426 425
20160427 510
20160428 399
20160429 502
20160430 608
20160501 771
20160502 437
20160503 368
20160504 328
20160505 381
20160506 339
20160507 313
20160508 356
20160509 422
20160510 329
20160511 654
20160512 365
20160513 317
20160514 302
20160515 337
20160516 305
20160517 350
20160518 321
20160519 382
20160520 401
20160521 350
20160522 339
20160523 441
20160524 393
20160526 359
20160527 321
20160528 274
20160529 334
20160530 392
20160531 396
20160601 352
20160602 317
20160603 374
20160604 358
20160605 315
20160606 397
20160607 338
20160608 620
20160609 425
20160610 286
20160612 370
20160613 326
20160614 327
20160615 340
20160616 302
20160617 257
20160618 226
20160619 309
20160620 314
20160621 384
20160622 303
20160623 304
20160624 218
20160625 207
20160626 261
20160627 253
20160628 271
20160629 371
20160630 285
20160701 255
20160702 194
20160703 220
20160704 485
20160705 392
20160706 339
20160707 382
20160708 364
20160709 284
20160710 274
20160711 287
20160712 272
20160713 224
20160714 256
20160715 225
20160716 224
20160717 220
20160718 313
20160719 365
20160720 240
20160721 207
20160722 238
20160723 301
20160724 238
20160725 243
20160726 226
20160727 193
20160728 213
20160730 568
20160731 287
20160801 298
20160802 266
20160803 254
20160804 315
20160805 257
20160806 253
20160807 191
20160808 208
20160809 210
20160810 259
20160811 273
20160812 268
20160813 179
20160814 199
20160815 226
20160816 221
20160817 278
20160818 279
20160819 234
20160820 200
20160821 195
20160822 259
20160823 278
20160824 294
20160825 223
20160826 245
20160827 190
20160828 176
20160829 251
20160830 244
20160831 266
20160901 233
20160902 215
20160903 187
20160904 325
20160905 239
20160906 271
20160907 246
20160908 266
20160909 202
20160910 163
20160911 217
20160912 247
20160913 400
20160914 474
20160915 265
20160916 626
20160917 297
20160918 283
20160919 276
20160920 256
20160921 349
20160922 396
20160923 759
20160924 606
20160925 1117
20160926 718
20160927 373
20160928 335
20160929 297
20160930 344
20161001 615
20161002 995
20161003 765
20161004 417
20161005 342
20161006 366
20161007 337
20161008 348
20161009 340
20161010 432
20161011 594
20161012 758
20161013 1550
20161014 3309
20161015 2354
20161016 1658
20161017 1536
20161018 1846
20161020 2161
20161021 1443
20161022 651
20161023 774
20161024 1137
20161025 1132
20161026 759
20161027 692
20161028 438
20161029 391
20161030 534
20161031 449
20161101 539
20161102 779
20161103 1721
20161104 4321
20161105 4025
20161106 1750
20161107 1661
20161108 521
20161109 886
20161110 1853
20161111 1399
20161112 917
20161113 1347
20161114 1333
20161115 1273
20161116 1915
20161117 2208
20161118 3281
20161119 1495
20161120 1324
20161121 1048
20161122 703
20161123 763
20161124 921
20161125 1462
20161126 1779
20161127 1338
20161128 1232
20161129 1424
20161130 1534
20161201 1548
20161202 1663
20161203 1966
20161204 3664
20161205 1782
20161206 1464
20161207 1502
20161208 1669
20161209 1343
20161210 1012
20161211 1411
20161212 2166
20161213 1621
20161214 1223
20161215 4537
20161216 8792
20161217 7439
20161218 6821
20161219 11481
20161220 26596
20161221 19574
20161222 7476
20161223 2678
20161224 2834
20161225 2977
20161226 2248
20161227 1797
20161228 1931
20161229 2607
20161230 3015
20161231 3633
