20140101 479
20140102 750
20140103 577
20140104 644
20140105 615
20140106 807
20140107 744
20140108 461
20140109 446
20140110 460
20140111 395
20140112 391
20140113 418
20140114 447
20140115 602
20140116 1834
20140117 1018
20140118 636
20140119 731
20140120 635
20140121 463
20140122 517
20140123 711
20140124 522
20140125 359
20140126 428
20140127 440
20140128 376
20140129 359
20140130 326
20140131 493
20140201 511
20140202 350
20140203 292
20140204 332
20140205 320
20140206 333
20140207 369
20140208 363
20140209 330
20140210 371
20140211 418
20140212 466
20140213 607
20140214 637
20140215 1040
20140216 1311
20140217 764
20140218 591
20140219 521
20140220 1597
20140221 2173
20140222 3162
20140223 4620
20140224 8014
20140225 11448
20140226 12726
20140227 3205
20140228 2339
20140301 1794
20140302 1902
20140303 2637
20140304 1696
20140305 1368
20140306 1277
20140307 1343
20140308 1288
20140309 1576
20140310 1419
20140311 1661
20140312 1306
20140313 1108
20140314 835
20140315 941
20140316 1107
20140317 1357
20140318 947
20140319 1004
20140320 748
20140321 669
20140322 566
20140323 762
20140324 1434
20140325 1568
20140326 1883
20140327 3575
20140328 1905
20140329 1223
20140330 1056
20140331 1407
20140401 1203
20140402 909
20140403 622
20140404 542
20140405 382
20140406 440
20140407 604
20140408 879
20140409 775
20140410 1089
20140411 778
20140412 566
20140413 816
20140414 1505
20140415 1077
20140416 858
20140417 761
20140418 924
20140419 557
20140420 560
20140421 524
20140422 557
20140423 679
20140424 670
20140425 634
20140426 399
20140427 452
20140428 449
20140429 467
20140430 400
20140501 439
20140502 362
20140503 434
20140504 514
20140505 422
20140506 489
20140507 496
20140508 449
20140509 436
20140510 391
20140511 414
20140512 439
20140513 462
20140514 397
20140515 442
20140516 339
20140517 363
20140518 381
20140519 517
20140520 425
20140521 403
20140522 594
20140523 329
20140524 377
20140525 442
20140526 368
20140527 396
20140528 356
20140529 357
20140530 287
20140531 213
20140601 206
20140602 316
20140603 365
20140604 377
20140605 341
20140606 345
20140607 297
20140608 306
20140609 304
20140610 333
20140611 326
20140612 366
20140613 280
20140614 271
20140615 329
20140616 381
20140617 368
20140618 331
20140619 343
20140620 256
20140621 266
20140622 258
20140623 274
20140624 273
20140625 337
20140626 372
20140627 260
20140628 230
20140629 229
20140630 260
20140701 285
20140702 252
20140703 573
20140704 520
20140705 344
20140706 497
20140707 533
20140708 383
20140709 289
20140710 245
20140711 244
20140712 207
20140713 203
20140714 215
20140715 252
20140716 352
20140717 360
20140718 346
20140719 255
20140720 234
20140721 245
20140722 277
20140723 232
20140724 260
20140725 209
20140726 215
20140727 194
20140728 285
20140729 285
20140730 298
20140731 490
20140801 431
20140802 301
20140803 335
20140804 331
20140805 271
20140806 267
20140807 230
20140808 277
20140809 248
20140810 208
20140811 265
20140812 239
20140813 227
20140814 207
20140816 201
20140817 230
20140818 239
20140819 258
20140820 299
20140821 346
20140822 323
20140823 323
20140824 217
20140825 317
20140826 275
20140827 248
20140828 272
20140829 297
20140830 415
20140831 320
20140901 334
20140902 258
20140903 246
20140904 243
20140905 257
20140906 327
20140907 439
20140908 293
20140909 283
20140910 294
20140911 293
20140912 297
20140913 273
20140914 280
20140915 288
20140916 275
20140917 255
20140918 284
20140919 302
20140920 295
20140921 356
20140922 405
20140923 297
20140924 251
20140925 423
20140926 420
20140927 259
20140928 303
20140929 286
20140930 200
20141001 202
20141002 252
20141003 297
20141004 249
20141005 232
20141006 230
20141007 386
20141008 1804
20141009 5014
20141010 5575
20141011 11499
20141012 2607
20141013 1740
20141014 1284
20141015 1073
20141016 1686
20141017 1815
20141018 1598
20141020 4719
20141021 1991
20141022 1873
20141023 1951
20141024 2564
20141025 4446
20141026 2806
20141027 1803
20141028 1738
20141029 1757
20141030 1831
20141031 1893
20141101 1371
20141102 973
20141103 888
20141104 1236
20141105 1078
20141106 985
20141107 894
20141108 545
20141109 534
20141110 611
20141111 569
20141112 701
20141113 677
20141114 556
20141115 936
20141116 795
20141117 585
20141118 636
20141119 1806
20141120 2308
20141121 2307
20141122 1277
20141123 1439
20141124 1274
20141125 1511
20141126 2032
20141127 1645
20141128 1102
20141129 2758
20141130 1397
20141201 912
20141202 731
20141203 662
20141204 597
20141205 614
20141206 500
20141207 586
20141208 739
20141209 1601
20141210 1481
20141211 793
20141212 602
20141213 482
20141214 556
20141215 687
20141216 536
20141217 645
20141218 850
20141219 555
20141220 400
20141221 402
20141222 629
20141223 594
20141224 475
20141225 524
20141226 730
20141227 848
20141228 785
20141229 792
20141230 597
20141231 377
