20150101 309
20150102 363
20150103 653
20150104 1119
20150105 1054
20150106 647
20150107 581
20150108 749
20150109 502
20150110 707
20150111 536
20150112 924
20150113 1007
20150114 1392
20150115 2089
20150116 1217
20150117 528
20150118 635
20150119 546
20150120 549
20150121 472
20150122 626
20150123 816
20150124 808
20150125 761
20150126 936
20150127 496
20150128 420
20150129 450
20150130 349
20150131 259
20150201 354
20150202 664
20150203 690
20150204 394
20150205 345
20150206 384
20150207 300
20150208 267
20150209 385
20150210 379
20150211 376
20150212 352
20150213 372
20150214 513
20150215 934
20150216 508
20150217 285
20150218 248
20150219 379
20150220 319
20150221 380
20150222 329
20150223 248
20150224 360
20150225 379
20150226 396
20150227 445
20150228 1742
20150301 2745
20150302 2831
20150303 2170
20150304 1804
20150305 1728
20150306 1866
20150307 1916
20150308 1966
20150309 1604
20150310 1389
20150311 1254
20150312 1223
20150313 1202
20150314 1394
20150315 1393
20150316 2602
20150317 3158
20150318 2063
20150319 1573
20150320 1393
20150321 1022
20150322 1278
20150323 1068
20150324 1061
20150325 1369
20150326 1116
20150327 1002
20150328 1456
20150329 1404
20150330 1496
20150331 1757
20150401 1032
20150402 821
20150403 573
20150404 536
20150405 508
20150406 572
20150407 551
20150408 648
20150409 974
20150410 1351
20150411 1000
20150412 639
20150413 596
20150414 552
20150415 1412
20150416 800
20150417 597
20150418 689
20150419 601
20150420 568
20150421 623
20150422 487
20150423 495
20150424 415
20150425 393
20150426 429
20150427 434
20150428 398
20150429 481
20150430 503
20150501 554
20150502 343
20150503 365
20150504 389
20150505 489
20150506 452
20150507 398
20150508 198
20150509 346
20150510 363
20150511 394
20150512 395
20150513 393
20150514 396
20150515 331
20150516 323
20150517 517
20150518 386
20150519 372
20150520 359
20150521 406
20150522 297
20150523 348
20150524 511
20150525 424
20150526 392
20150527 447
20150528 488
20150529 355
20150530 324
20150531 342
20150601 385
20150602 339
20150603 336
20150604 357
20150605 344
20150606 315
20150607 336
20150608 351
20150609 381
20150610 365
20150611 435
20150612 409
20150613 352
20150614 377
20150615 440
20150616 414
20150617 344
20150618 318
20150620 211
20150621 259
20150622 355
20150623 878
20150624 630
20150625 580
20150626 485
20150627 423
20150628 571
20150629 713
20150630 364
20150701 340
20150702 295
20150703 277
20150704 249
20150705 242
20150706 278
20150707 299
20150708 450
20150709 353
20150710 276
20150711 333
20150712 348
20150713 287
20150714 293
20150715 286
20150716 241
20150717 278
20150718 213
20150719 252
20150720 331
20150721 510
20150722 313
20150723 287
20150724 226
20150725 221
20150726 267
20150727 291
20150728 281
20150729 273
20150730 281
20150731 254
20150801 270
20150802 297
20150803 325
20150804 255
20150805 263
20150806 316
20150808 196
20150809 211
20150810 246
20150811 306
20150812 266
20150813 346
20150814 265
20150815 211
20150816 183
20150817 234
20150818 246
20150819 228
20150820 257
20150821 234
20150822 204
20150823 206
20150824 273
20150825 242
20150826 239
20150827 255
20150828 242
20150829 191
20150830 211
20150831 244
20150903 111
20150902 236
20150904 404
20150905 237
20150906 251
20150907 233
20150908 272
20150909 255
20150910 249
20150911 210
20150912 196
20150913 243
20150914 332
20150915 356
20150916 531
20150917 866
20150918 492
20150919 283
20150920 517
20150921 453
20150922 1212
20150923 350
20150901 217
20150902 236
20150903 218
20150904 404
20150905 237
20150906 251
20150907 233
20150908 272
20150909 255
20150910 249
20150911 210
20150912 196
20150913 243
20150914 332
20150915 356
20150916 531
20150917 866
20150918 492
20150919 283
20150920 517
20150921 453
20150922 1212
20150923 350
20150924 899
20150925 343
20150926 290
20150927 312
20150928 347
20150929 371
20150930 264
20151001 232
20151002 235
20151003 231
20151004 383
20151005 1063
20151006 1649
20151007 2003
20151008 730
20151009 477
20151010 383
20151011 397
20151012 414
20151013 461
20151014 792
20151015 657
20151016 1549
20151017 2220
20151018 1101
20151019 846
20151020 1100
20151021 725
20151022 573
20151023 523
20151024 422
20151025 485
20151026 541
20151027 401
20151028 430
20151029 346
20151030 342
20151031 302
20151101 386
20151102 481
20151103 892
20151104 1451
20151105 911
20151106 450
20151107 404
20151108 597
20151109 1607
20151110 1877
20151111 1542
20151112 1824
20151113 2006
20151114 2334
20151115 2057
20151116 1563
20151117 1000
20151118 931
20151119 1084
20151120 681
20151121 525
20151122 515
20151123 556
20151124 530
20151125 495
20151126 430
20151127 867
20151128 1160
20151129 1277
20151130 7511
20151201 25610
20151202 4464
20151203 1864
20151204 1760
20151205 1988
20151206 2992
20151207 10283
20151208 18368
20151209 14120
20151210 10752
20151211 3025
20151212 3230
20151213 4379
20151214 3954
20151215 1866
20151216 1802
20151217 1815
20151218 5452
20151219 3663
20151220 3727
20151221 5196
20151222 11059
20151223 10778
20151224 4479
20151225 11890
20151226 6558
20151227 3775
20151228 2911
20151229 3440
20151230 2145
20151231 1859
