20180101 587
20180102 635
20180103 522
20180104 638
20180105 449
20180106 428
20180107 637
20180108 475
20180109 439
20180110 412
20180111 432
20180112 1226
20180113 1173
20180114 1320
20180115 1278
20180116 1069
20180117 1012
20180118 931
20180119 983
20180120 918
20180121 799
20180122 560
20180123 406
20180124 351
20180125 359
20180126 386
20180127 662
20180128 349
20180129 372
20180130 342
20180131 369
20180201 340
20180202 302
20180203 283
20180204 280
20180205 322
20180206 327
20180207 311
20180208 465
20180209 371
20180210 291
20180211 285
20180212 269
20180213 290
20180214 278
20180215 240
20180216 342
20180217 556
20180218 457
20180219 745
20180220 389
20180221 370
20180222 392
20180223 349
20180224 354
20180225 401
20180226 666
20180227 2008
20180228 1499
20180301 797
20180302 691
20180303 1190
20180304 1246
20180305 909
20180306 712
20180307 805
20180308 632
20180309 1282
20180310 1172
20180311 1270
20180312 1978
20180313 2919
20180314 3655
20180315 1405
20180316 784
20180317 1010
20180318 1127
20180319 1203
20180320 895
20180321 963
20180322 929
20180323 1636
20180324 1744
20180325 1394
20180326 1904
20180327 2877
20180328 8190
20180329 2958
20180330 1206
20180331 1175
20180401 2654
20180402 4723
20180403 2141
20180404 1025
20180405 943
20180406 636
20180407 566
20180408 716
20180409 1040
20180410 1023
20180411 673
20180412 547
20180413 567
20180414 741
20180415 546
20180416 831
20180417 1151
20180418 1236
20180419 1692
20180420 1574
20180421 1022
20180422 661
20180423 614
20180424 490
20180425 447
20180426 1011
20180427 752
20180428 889
20180429 1368
20180430 937
20180501 1091
20180502 499
20180503 376
20180504 550
20180505 1205
20180506 856
20180507 804
20180508 476
20180509 479
20180510 1031
20180511 964
20180512 1472
20180513 946
20180514 1317
20180515 1081
20180516 1246
20180518 570
20180519 536
20180520 543
20180521 673
20180522 584
20180523 814
20180524 505
20180525 531
20180526 1009
20180527 597
20180528 1210
20180529 490
20180530 355
20180531 471
20180601 342
20180602 426
20180603 642
20180604 454
20180605 458
20180606 485
20180607 375
20180608 311
20180609 296
20180610 291
20180611 539
20180612 617
20180613 448
20180614 340
20180615 730
20180616 682
20180617 387
20180618 725
20180619 565
20180620 483
20180621 377
20180622 773
20180623 401
20180624 378
20180625 630
20180626 1191
20180627 483
20180628 366
20180629 335
20180630 309
20180701 409
20180702 432
20180703 356
20180704 321
20180706 268
20180707 331
20180708 319
20180709 628
20180710 372
20180711 267
20180712 283
20180713 311
20180714 225
20180715 377
20180716 225
20180717 216
20180718 475
20180719 454
20180720 337
20180721 295
20180722 333
20180723 351
20180724 264
20180725 216
20180726 192
20180727 245
20180728 224
20180729 293
20180730 264
20180731 281
20180801 251
20180802 320
20180803 229
20180804 219
20180805 225
20180806 205
20180807 265
20180808 195
20180809 246
20180810 259
20180811 245
20180812 282
20180813 281
20180814 217
20180815 246
20180816 228
20180817 182
20180818 188
20180819 221
20180820 234
20180821 284
20180822 257
20180824 230
20180825 202
20180826 257
20180827 309
20180828 297
20180829 210
20180830 215
20180831 188
