20140101 267
20140102 245
20140103 246
20140104 252
20140105 233
20140106 256
20140107 270
20140108 244
20140109 257
20140110 228
20140111 219
20140112 245
20140113 244
20140114 208
20140115 222
20140116 244
20140117 233
20140118 248
20140119 274
20140120 254
20140121 250
20140122 251
20140123 240
20140124 223
20140125 261
20140126 267
20140127 233
20140128 249
20140129 203
20140130 194
20140131 220
20140201 191
20140202 180
20140203 199
20140204 164
20140205 188
20140206 191
20140207 179
20140208 213
20140209 200
20140210 213
20140211 215
20140212 204
20140213 211
20140214 196
20140215 219
20140216 231
20140217 216
20140218 225
20140219 232
20140220 216
20140221 246
20140222 221
20140223 227
20140224 225
20140225 238
20140226 226
20140227 200
20140228 236
20140301 233
20140302 220
20140303 245
20140304 216
20140305 238
20140306 222
20140307 253
20140308 250
20140309 249
20140310 250
20140311 263
20140312 270
20140313 269
20140314 247
20140315 243
20140316 269
20140317 298
20140318 268
20140319 247
20140320 253
20140321 258
20140322 232
20140323 232
20140324 230
20140325 250
20140326 235
20140327 225
20140328 231
20140329 236
20140330 231
20140331 232
20140401 227
20140402 237
20140403 249
20140404 217
20140405 227
20140406 226
20140407 216
20140408 227
20140409 241
20140410 234
20140411 217
20140412 227
20140413 229
20140414 252
20140415 267
20140416 249
20140417 212
20140418 209
20140419 219
20140420 207
20140421 226
20140422 242
20140423 240
20140424 235
20140425 247
20140426 245
20140427 216
20140428 232
20140429 265
20140430 193
20140502 888
20140503 248
20140504 229
20140505 259
20140506 216
20140507 271
20140508 225
20140510 205
20140511 216
20140512 192
20140513 228
20140514 218
20140515 226
20140516 226
20140517 251
20140518 209
20140519 208
20140520 214
20140521 208
20140522 194
20140523 185
20140524 181
20140525 190
20140526 221
20140527 233
20140528 221
20140529 177
20140530 191
20140531 99
20140601 157
20140602 183
20140603 206
20140604 189
20140605 183
20140606 174
20140607 201
20140608 201
20140609 176
20140610 214
20140611 170
20140612 184
20140613 174
20140614 169
20140615 180
20140616 187
20140617 181
20140618 212
20140619 180
20140620 202
20140621 203
20140622 208
20140623 196
20140624 214
20140625 191
20140626 185
20140628 206
20140629 198
20140630 201
20140701 189
20140702 198
20140703 186
20140704 157
20140705 180
20140706 172
20140707 195
20140708 194
20140709 229
20140710 190
20140711 225
20140712 182
20140713 204
20140714 183
20140715 208
20140716 196
20140717 191
20140718 213
20140719 182
20140720 192
20140721 217
20140722 219
20140723 187
20140724 213
20140725 211
20140726 219
20140727 203
20140728 203
20140729 187
20140730 233
20140731 205
20140801 226
20140802 208
20140803 200
20140804 247
20140805 227
20140806 251
20140807 214
20140808 224
20140809 224
20140810 215
20140811 224
20140812 253
20140813 223
20140814 224
20140816 216
20140817 227
20140818 232
20140819 221
20140820 249
20140821 209
20140822 251
20140823 201
20140824 220
20140825 239
20140826 229
20140827 256
20140828 211
20140829 214
20140830 205
20140831 214
20140901 211
20140902 184
20140903 217
20140904 191
20140905 200
20140906 219
20140907 225
20140908 230
20140909 234
20140910 257
20140911 229
20140912 212
20140913 223
20140914 252
20140915 228
20140916 231
20140917 220
20140918 232
20140919 200
20140920 237
20140921 220
20140922 218
20140923 209
20140924 218
20140926 220
20140927 204
20140928 216
20140929 205
20140930 211
20141001 204
20141002 192
20141003 203
20141004 195
20141005 194
20141006 199
20141007 208
20141008 208
20141009 228
20141010 240
20141011 219
20141012 191
20141013 237
20141014 249
20141015 226
20141016 253
20141017 232
20141018 237
20141019 218
20141020 225
20141021 211
20141022 235
20141023 239
20141024 219
20141025 214
20141026 250
20141027 262
20141028 227
20141029 221
20141030 231
20141031 222
20141101 238
20141102 248
20141103 252
20141104 257
20141105 229
20141106 269
20141107 258
20141108 230
20141109 241
20141110 238
20141111 207
20141112 228
20141114 196
20141115 217
20141116 253
20141117 261
20141118 278
20141119 273
20141120 275
20141121 250
20141122 267
20141123 270
20141124 300
20141125 286
20141126 278
20141127 307
20141128 282
20141129 268
20141130 255
20141201 288
20141202 276
20141203 264
20141204 268
20141205 244
20141206 295
20141207 261
20141208 259
20141209 293
20141210 317
20141211 278
20141212 281
20141213 260
20141214 276
20141215 265
20141216 280
20141217 264
20141218 245
20141219 300
20141220 264
20141221 246
20141222 265
20141223 294
20141224 274
20141225 275
20141226 290
20141227 285
20141228 265
20141229 262
20141230 279
20141231 265
20150101 258
20150102 272
20150103 324
20150104 281
20150105 279
20150106 255
20150107 280
20150108 276
20150109 234
20150110 256
20150111 250
20150112 272
20150113 258
20150114 260
20150115 253
20150116 243
20150117 254
20150118 247
20150119 260
20150120 259
20150121 258
20150122 244
20150123 230
20150124 233
20150125 229
20150126 248
20150127 257
20150128 254
20150129 224
20150130 238
20150131 235
20150201 248
20150202 245
20150203 261
20150204 242
20150205 243
20150206 237
20150207 221
20150208 214
20150209 228
20150209 228
20150210 245
20150211 226
20150212 241
20150213 219
20150214 207
20150215 226
20150216 232
20150217 228
20150218 196
20150219 195
20150220 224
20150221 189
20150222 180
20150223 186
20150224 210
20150225 194
20150226 226
20150227 245
20150228 259
20150301 224
20150302 221
20150303 271
20150304 257
20150305 231
20150306 224
20150307 221
20150308 232
20150309 260
20150310 230
20150311 228
20150312 243
20150313 264
20150314 233
20150315 223
20150316 239
20150317 239
20150318 265
20150319 241
20150320 256
20150321 237
20150322 242
20150323 269
20150324 237
20150325 253
20150326 244
20150327 267
20150328 258
20150329 250
20150330 271
20150331 284
20150401 265
20150402 247
20150403 241
20150404 220
20150405 223
20150406 237
20150407 259
20150408 257
20150409 263
20150410 256
20150411 236
20150412 252
20150413 266
20150414 265
20150415 299
20150416 275
20150417 251
20150418 288
20150419 263
20150420 291
20150421 279
20150422 246
20150423 259
20150424 263
20150425 271
20150426 236
20150427 269
20150428 235
20150429 240
20150430 234
20150501 228
20150502 225
20150503 238
20150504 284
20150505 271
20150506 275
20150507 275
20150508 254
20150510 242
20150511 221
20150512 224
20150513 204
20150514 248
20150515 194
20150516 206
20150517 181
20150518 221
20150519 235
20150520 194
20150521 240
20150522 225
20150523 236
20150524 230
20150525 241
20150526 229
20150527 240
20150528 218
20150529 213
20150530 224
20150531 229
20150601 220
20150602 231
20150603 257
20150604 205
20150605 222
20150606 220
20150607 208
20150608 225
20150609 218
20150610 233
20150611 223
20150612 229
20150613 218
20150614 234
20150615 231
20150616 222
20150617 229
20150618 211
20150619 206
20150620 198
20150621 196
20150622 222
20150623 227
20150624 219
20150625 240
20150626 184
20150628 217
20150629 249
20150630 221
20150701 219
20150702 211
20150703 221
20150704 226
20150705 230
20150706 217
20150707 229
20150708 216
20150709 260
20150710 220
20150711 218
20150712 216
20150713 238
20150714 256
20150715 243
20150716 249
20150717 246
20150718 200
20150719 247
20150720 225
20150721 247
20150722 241
20150723 257
20150724 222
20150725 244
20150726 253
20150727 256
20150728 255
20150729 278
20150730 240
20150731 269
20150801 252
20150802 244
20150803 248
20150804 257
20150805 271
20150806 256
20150807 259
20150808 240
20150809 251
20150810 279
20150811 267
20150812 257
20150813 257
20150814 243
20150816 238
20150817 258
20150818 243
20150819 224
20150820 231
20150821 236
20150822 212
20150823 225
20150824 249
20150825 238
20150826 231
20150827 226
20150828 215
20150829 214
20150830 203
20150831 205
20150901 187
20150902 213
20150903 175
20150904 218
20150905 183
20150906 198
20150907 209
20150908 223
20150909 230
20150910 196
20150911 207
20150912 205
20150913 195
20150914 233
20150915 221
20150916 229
20150917 232
20150918 232
20150919 221
20150920 221
20150921 233
20150922 221
20150923 219
20150924 207
20150925 212
20150926 206
20150927 215
20150928 213
20150929 216
20150930 188
20151001 210
20151002 210
20151003 200
20151004 109
20151005 196
20151006 201
20151007 208
20151008 202
20151009 231
20151010 219
20151011 200
20151012 231
20151013 231
20151014 218
20151015 213
20151016 248
20151017 201
20151018 185
20151020 206
20151021 216
20151022 223
20151023 195
20151024 223
20151025 224
20151026 211
20151027 217
20151028 201
20151029 232
20151030 216
20151031 196
20151101 227
20151102 246
20151103 231
20151104 246
20151105 257
20151106 205
20151107 221
20151108 237
20151109 249
20151110 226
20151111 209
20151112 240
20151113 236
20151114 261
20151115 232
20151116 263
20151117 265
20151118 250
20151119 272
20151120 259
20151121 243
20151122 231
20151123 253
20151124 255
20151125 247
20151126 223
20151127 238
20151128 253
20151129 228
20151130 255
20151201 254
20151202 248
20151203 272
