20170101 7015
20170102 6245
20170103 8046
20170104 15533
20170105 13091
20170106 8019
20170107 5963
20170108 4358
20170109 2802
20170110 2230
20170111 2153
20170112 1794
20170113 1735
20170114 1534
20170115 2129
20170116 2357
20170117 2302
20170118 1726
20170119 1343
20170120 926
20170121 688
20170122 831
20170123 958
20170124 1241
20170125 1343
20170126 1756
20170127 824
20170128 1325
20170129 872
20170130 595
20170131 840
20170201 710
20170202 920
20170203 1236
20170204 2122
20170205 1072
20170206 996
20170207 1272
20170208 921
20170209 772
20170210 683
20170211 771
20170212 1103
20170213 1268
20170214 1840
20170215 1788
20170216 1762
20170217 1228
20170218 1170
20170219 1317
20170220 971
20170221 1176
20170222 962
20170223 800
20170224 737
20170225 669
20170226 800
20170227 1232
20170228 816
20170301 728
20170302 634
20170303 970
20170304 1041
20170305 762
20170306 725
20170307 572
20170308 586
20170309 617
20170310 605
20170311 1039
20170312 660
20170313 600
20170314 636
20170315 1004
20170316 1402
20170317 1626
20170318 1662
20170319 2378
20170320 2516
20170321 1524
20170322 1605
20170323 1286
20170324 1091
20170325 1009
20170326 659
20170327 637
20170328 791
20170329 1180
20170330 1278
20170331 914
20170401 815
20170402 925
20170403 1523
20170404 1963
20170405 1643
20170406 1525
20170407 1442
20170408 1193
20170409 1069
20170410 1111
20170411 780
20170412 613
20170413 820
20170414 790
20170415 540
20170416 1060
20170417 1489
20170418 776
20170419 1001
20170420 751
20170421 476
20170422 479
20170423 425
20170424 452
20170425 512
20170426 380
20170427 375
20170428 383
20170429 320
20170430 468
20170501 410
20170502 525
20170503 810
20170504 3576
20170505 1998
20170506 645
20170507 491
20170508 765
20170509 589
20170510 553
20170511 662
20170512 567
20170513 397
20170514 407
20170515 418
20170516 419
20170517 534
20170518 729
20170519 977
20170520 645
20170521 566
20170522 587
20170523 439
20170524 387
20170525 388
20170526 460
20170527 439
20170528 639
20170529 466
20170530 379
20170531 627
20170601 380
20170602 466
20170604 371
20170605 556
20170606 438
20170607 480
20170608 374
20170609 359
20170610 303
20170611 362
20170612 397
20170613 395
20170614 365
20170615 346
20170616 374
20170617 406
20170618 423
20170619 353
20170620 341
20170621 379
20170622 342
20170623 330
20170624 265
20170625 272
20170626 310
20170627 577
20170628 735
20170629 448
20170630 450
20170701 565
20170702 565
20170703 507
20170704 346
20170705 445
20170706 538
20170707 303
20170708 288
20170709 328
20170710 335
20170711 310
20170712 372
20170713 365
20170714 301
20170715 234
20170716 314
20170717 338
20170718 389
20170719 350
20170720 453
20170722 250
20170723 261
20170724 305
20170725 307
20170726 276
20170727 275
20170728 302
20170729 233
20170730 240
20170731 425
20170801 457
20170802 365
20170803 331
20170804 263
20170805 199
20170806 196
20170807 239
20170808 247
20170809 288
20170810 371
20170811 696
20170812 272
20170813 276
20170814 286
20170815 366
20170816 381
20170817 292
20170818 350
20170819 252
20170820 324
20170821 387
20170822 466
20170823 342
20170824 347
20170825 316
20170826 259
20170827 293
20170828 281
20170829 313
20170830 365
20170831 650
20170901 1366
20170902 1312
20170903 784
20170904 1210
20170905 802
20170906 473
20170907 543
20170908 1208
20170909 1129
20170910 1270
20170911 524
20170912 494
20170913 807
20170914 1296
20170915 1091
20170916 1035
20170917 499
20170918 503
20170919 524
20170920 405
20170921 685
20170922 497
20170923 605
20170924 612
20170925 988
20170926 1054
20170927 634
20170928 441
20170929 446
20170930 1178
20171001 1008
20171002 418
20171003 352
20171004 276
20171005 341
20171006 509
20171007 1150
20171008 1557
20171009 996
20171010 543
20171011 460
20171012 525
20171013 467
20171014 450
20171015 652
20171016 654
20171017 945
20171018 831
20171019 1177
20171020 1518
20171021 1215
20171022 846
20171023 670
20171024 854
20171025 1344
20171026 2662
20171027 3129
20171028 1269
20171029 824
20171030 959
20171031 1173
20171101 1013
20171102 1209
20171103 1741
20171104 1318
20171105 1613
20171106 2496
20171107 2400
20171108 1294
20171109 1363
20171110 749
20171111 585
20171112 911
20171113 815
20171114 663
20171115 575
20171116 895
20171117 605
20171118 557
20171119 1013
20171120 1358
20171121 1964
20171122 991
20171123 665
20171124 591
20171125 747
20171126 610
20171127 1149
20171128 955
20171129 748
20171130 636
20171201 722
20171202 1190
20171203 857
20171204 670
20171205 763
20171206 668
20171208 515
20171209 517
20171210 454
20171211 571
20171212 498
20171213 560
20171214 1143
20171215 581
20171216 450
20171217 517
20171218 536
20171219 572
20171220 566
20171221 721
20171222 567
20171223 676
20171224 497
20171225 550
20171226 611
20171227 1077
20171228 1340
20171229 2820
20171230 1911
20171231 707
